1500
1540
1547
1560
1570
1600
1620
1630
1640
1650
1670
1700
1730
1740
1745
1750
1755
1760
1770
1780
1785
1790
1800
1820
1830
1840
1850
1860
1880
1910
1930
1950
1970
1980
2000
2018
2020
2030
2040
2050
2060
2070
2110
2150
2160
2200
2220
2230
2235
2240
2250
2260
2270
2275
2280
2290
2300
2310
2320
2330
2340
2350
2360
2370
2380
2387
2390
2400
2430
2440
2450
2460
2470
2480
2490
2500
2520
2530
2540
2547
2550
2560
2570
2580
2590
2620
2627
2630
2640
2650
2800
2820
2830
2840
2845
2850
2860
2870
2880
2890
2900
2910
2920
2930
2940
2950
2960
2970
2980
2990
3000
3020
3040
3050
3060
3070
3080
3090
3110
3120
3130
3140
3150
3190
3200
3210
3220
3270
3290
3300
3320
3350
3360
3370
3380
3390
3400
3440
3450
3460
3470
3500
3520
3530
3540
3545
3550
3560
3570
3580
3590
3600
3620
3630
3640
3650
3660
3665
3670
3680
3690
3700
3717
3720
3730
3740
3770
3790
3800
3830
3840
3850
3870
3890
3900
3910
3920
3930
3940
3945
3950
3960
3970
3980
3990
8000
8020
8210
8300
8340
8370
8377
8400
8420
8430
8450
8460
8470
8480
8490
8500
8520
8530
8540
8550
8560
8570
8580
8587
8600
8610
8620
8630
8640
8647
8650
8660
8670
8680
8690
8700
8710
8720
8730
8740
8750
8755
8760
8770
8780
8790
8800
8810
8820
8830
8840
8850
8860
8870
8880
8890
8900
8920
8930
8940
8950
8957
8970
8980
9000
9060
9070
9080
9090
9100
9120
9140
9150
9160
9170
9180
9185
9190
9200
9220
9230
9240
9250
9255
9260
9270
9280
9290
9300
9340
9400
9420
9450
9470
9500
9520
9550
9570
9600
9620
9630
9660
9667
9680
9690
9700
9750
9770
9790
9800
9810
9820
9830
9840
9850
9860
9870
9880
9890
9900
9910
9920
9930
9940
9950
9960
9970
9980
9990
